1.0000000e+01   1.0000000e+01
1.1280000e+01   1.0000000e+01
1.2560000e+01   1.0000000e+01
1.3840000e+01   1.0000000e+01
1.5120000e+01   1.0000000e+01
1.6400000e+01   1.0000000e+01
1.7680000e+01   1.0000000e+01
1.8960000e+01   1.0000000e+01
2.0240000e+01   1.0000000e+01
2.1520000e+01   1.0000000e+01
2.2800000e+01   1.0000000e+01
2.4080000e+01   1.0000000e+01
2.5360000e+01   1.0000000e+01
2.6640000e+01   1.0000000e+01
2.7920000e+01   1.0000000e+01
2.9200000e+01   1.0000000e+01
3.0480000e+01   1.0000000e+01
3.1760000e+01   1.0000000e+01
3.3040000e+01   1.0000000e+01
3.4320000e+01   1.0000000e+01
3.5600000e+01   1.0000000e+01
3.6880000e+01   1.0000000e+01
3.8160000e+01   1.0000000e+01
3.9440000e+01   1.0000000e+01
4.0720000e+01   1.0000000e+01
4.2000000e+01   1.0000000e+01
4.3280000e+01   1.0000000e+01
4.4560000e+01   1.0000000e+01
4.5840000e+01   1.0000000e+01
4.7120000e+01   1.0000000e+01
4.8400000e+01   1.0000000e+01
4.9680000e+01   1.0000000e+01
5.0960000e+01   1.0000000e+01
5.2240000e+01   1.0000000e+01
5.3520000e+01   1.0000000e+01
5.4800000e+01   1.0000000e+01
5.6080000e+01   1.0000000e+01
5.7360000e+01   1.0000000e+01
5.8640000e+01   1.0000000e+01
5.9920000e+01   1.0000000e+01
6.1200000e+01   1.0000000e+01
6.2480000e+01   1.0000000e+01
6.3760000e+01   1.0000000e+01
6.5040000e+01   1.0000000e+01
6.6320000e+01   1.0000000e+01
6.7600000e+01   1.0000000e+01
6.8880000e+01   1.0000000e+01
7.0160000e+01   1.0000000e+01
7.1440000e+01   1.0000000e+01
7.2720000e+01   1.0000000e+01
7.4000000e+01   1.0000000e+01
7.5280000e+01   1.0000000e+01
7.6560000e+01   1.0000000e+01
7.7840000e+01   1.0000000e+01
7.9120000e+01   1.0000000e+01
8.0400000e+01   1.0000000e+01
8.1680000e+01   1.0000000e+01
8.2960000e+01   1.0000000e+01
8.4240000e+01   1.0000000e+01
8.5520000e+01   1.0000000e+01
8.6800000e+01   1.0000000e+01
8.8080000e+01   1.0000000e+01
8.9360000e+01   1.0000000e+01
9.0000000e+01   1.0640000e+01
9.0000000e+01   1.1920000e+01
9.0000000e+01   1.3200000e+01
9.0000000e+01   1.4480000e+01
9.0000000e+01   1.5760000e+01
9.0000000e+01   1.7040000e+01
9.0000000e+01   1.8320000e+01
9.0000000e+01   1.9600000e+01
9.0000000e+01   2.0880000e+01
9.0000000e+01   2.2160000e+01
9.0000000e+01   2.3440000e+01
9.0000000e+01   2.4720000e+01
9.0000000e+01   2.6000000e+01
9.0000000e+01   2.7280000e+01
9.0000000e+01   2.8560000e+01
9.0000000e+01   2.9840000e+01
9.0000000e+01   3.1120000e+01
9.0000000e+01   3.2400000e+01
9.0000000e+01   3.3680000e+01
9.0000000e+01   3.4960000e+01
9.0000000e+01   3.6240000e+01
9.0000000e+01   3.7520000e+01
9.0000000e+01   3.8800000e+01
9.0000000e+01   4.0080000e+01
9.0000000e+01   4.1360000e+01
9.0000000e+01   4.2640000e+01
9.0000000e+01   4.3920000e+01
9.0000000e+01   4.5200000e+01
9.0000000e+01   4.6480000e+01
9.0000000e+01   4.7760000e+01
9.0000000e+01   4.9040000e+01
9.0000000e+01   5.0320000e+01
9.0000000e+01   5.1600000e+01
9.0000000e+01   5.2880000e+01
9.0000000e+01   5.4160000e+01
9.0000000e+01   5.5440000e+01
9.0000000e+01   5.6720000e+01
9.0000000e+01   5.8000000e+01
9.0000000e+01   5.9280000e+01
9.0000000e+01   6.0560000e+01
9.0000000e+01   6.1840000e+01
9.0000000e+01   6.3120000e+01
9.0000000e+01   6.4400000e+01
9.0000000e+01   6.5680000e+01
9.0000000e+01   6.6960000e+01
9.0000000e+01   6.8240000e+01
9.0000000e+01   6.9520000e+01
9.0000000e+01   7.0800000e+01
9.0000000e+01   7.2080000e+01
9.0000000e+01   7.3360000e+01
9.0000000e+01   7.4640000e+01
9.0000000e+01   7.5920000e+01
9.0000000e+01   7.7200000e+01
9.0000000e+01   7.8480000e+01
9.0000000e+01   7.9760000e+01
9.0000000e+01   8.1040000e+01
9.0000000e+01   8.2320000e+01
9.0000000e+01   8.3600000e+01
9.0000000e+01   8.4880000e+01
9.0000000e+01   8.6160000e+01
9.0000000e+01   8.7440000e+01
9.0000000e+01   8.8720000e+01
9.0000000e+01   9.0000000e+01
8.8720000e+01   9.0000000e+01
8.7440000e+01   9.0000000e+01
8.6160000e+01   9.0000000e+01
8.4880000e+01   9.0000000e+01
8.3600000e+01   9.0000000e+01
8.2320000e+01   9.0000000e+01
8.1040000e+01   9.0000000e+01
7.9760000e+01   9.0000000e+01
7.8480000e+01   9.0000000e+01
7.7200000e+01   9.0000000e+01
7.5920000e+01   9.0000000e+01
7.4640000e+01   9.0000000e+01
7.3360000e+01   9.0000000e+01
7.2080000e+01   9.0000000e+01
7.0800000e+01   9.0000000e+01
6.9520000e+01   9.0000000e+01
6.8240000e+01   9.0000000e+01
6.6960000e+01   9.0000000e+01
6.5680000e+01   9.0000000e+01
6.4400000e+01   9.0000000e+01
6.3120000e+01   9.0000000e+01
6.1840000e+01   9.0000000e+01
6.0560000e+01   9.0000000e+01
5.9280000e+01   9.0000000e+01
5.8000000e+01   9.0000000e+01
5.6720000e+01   9.0000000e+01
5.5440000e+01   9.0000000e+01
5.4160000e+01   9.0000000e+01
5.2880000e+01   9.0000000e+01
5.1600000e+01   9.0000000e+01
5.0320000e+01   9.0000000e+01
4.9040000e+01   9.0000000e+01
4.7760000e+01   9.0000000e+01
4.6480000e+01   9.0000000e+01
4.5200000e+01   9.0000000e+01
4.3920000e+01   9.0000000e+01
4.2640000e+01   9.0000000e+01
4.1360000e+01   9.0000000e+01
4.0080000e+01   9.0000000e+01
3.8800000e+01   9.0000000e+01
3.7520000e+01   9.0000000e+01
3.6240000e+01   9.0000000e+01
3.4960000e+01   9.0000000e+01
3.3680000e+01   9.0000000e+01
3.2400000e+01   9.0000000e+01
3.1120000e+01   9.0000000e+01
2.9840000e+01   9.0000000e+01
2.8560000e+01   9.0000000e+01
2.7280000e+01   9.0000000e+01
2.6000000e+01   9.0000000e+01
2.4720000e+01   9.0000000e+01
2.3440000e+01   9.0000000e+01
2.2160000e+01   9.0000000e+01
2.0880000e+01   9.0000000e+01
1.9600000e+01   9.0000000e+01
1.8320000e+01   9.0000000e+01
1.7040000e+01   9.0000000e+01
1.5760000e+01   9.0000000e+01
1.4480000e+01   9.0000000e+01
1.3200000e+01   9.0000000e+01
1.1920000e+01   9.0000000e+01
1.0640000e+01   9.0000000e+01
1.0000000e+01   8.9360000e+01
1.0000000e+01   8.8080000e+01
1.0000000e+01   8.6800000e+01
1.0000000e+01   8.5520000e+01
1.0000000e+01   8.4240000e+01
1.0000000e+01   8.2960000e+01
1.0000000e+01   8.1680000e+01
1.0000000e+01   8.0400000e+01
1.0000000e+01   7.9120000e+01
1.0000000e+01   7.7840000e+01
1.0000000e+01   7.6560000e+01
1.0000000e+01   7.5280000e+01
1.0000000e+01   7.4000000e+01
1.0000000e+01   7.2720000e+01
1.0000000e+01   7.1440000e+01
1.0000000e+01   7.0160000e+01
1.0000000e+01   6.8880000e+01
1.0000000e+01   6.7600000e+01
1.0000000e+01   6.6320000e+01
1.0000000e+01   6.5040000e+01
1.0000000e+01   6.3760000e+01
1.0000000e+01   6.2480000e+01
1.0000000e+01   6.1200000e+01
1.0000000e+01   5.9920000e+01
1.0000000e+01   5.8640000e+01
1.0000000e+01   5.7360000e+01
1.0000000e+01   5.6080000e+01
1.0000000e+01   5.4800000e+01
1.0000000e+01   5.3520000e+01
1.0000000e+01   5.2240000e+01
1.0000000e+01   5.0960000e+01
1.0000000e+01   4.9680000e+01
1.0000000e+01   4.8400000e+01
1.0000000e+01   4.7120000e+01
1.0000000e+01   4.5840000e+01
1.0000000e+01   4.4560000e+01
1.0000000e+01   4.3280000e+01
1.0000000e+01   4.2000000e+01
1.0000000e+01   4.0720000e+01
1.0000000e+01   3.9440000e+01
1.0000000e+01   3.8160000e+01
1.0000000e+01   3.6880000e+01
1.0000000e+01   3.5600000e+01
1.0000000e+01   3.4320000e+01
1.0000000e+01   3.3040000e+01
1.0000000e+01   3.1760000e+01
1.0000000e+01   3.0480000e+01
1.0000000e+01   2.9200000e+01
1.0000000e+01   2.7920000e+01
1.0000000e+01   2.6640000e+01
1.0000000e+01   2.5360000e+01
1.0000000e+01   2.4080000e+01
1.0000000e+01   2.2800000e+01
1.0000000e+01   2.1520000e+01
1.0000000e+01   2.0240000e+01
1.0000000e+01   1.8960000e+01
1.0000000e+01   1.7680000e+01
1.0000000e+01   1.6400000e+01
1.0000000e+01   1.5120000e+01
1.0000000e+01   1.3840000e+01
1.0000000e+01   1.2560000e+01
1.0000000e+01   1.1280000e+01